55.803  66.197
50.303  22.701
56.098  69.902
5   68.598
16.799  2.7
22.6    45.898
60.799  75.902
99.803  10.401
29.498  82.303
97.795  9.9
55.197  76.303
45.898  22.201
9.9 65.803
9.9 65.803
9.9 65.803
41  94.5
64.303  7
17.1    56.402
7.1 56.697
14.301  96.5
0.1 75.902
67.902  4.7
85.098  7.1
65.697  72.394
6.8 80.803
36.799  74.697
30.898  57.205
66.295  88.5
68.803  99.697
39.799  15.701
47.5    37.402
10.401  43.902
83.303  98.5
93.197  98.697
28.201  34.5
86.697  1.7
26.1    77.803
25.799  30.199
99.5    51.701
36.799  68.803
42.898  84.795
90.5    99.098
36.799  24.5
91.697  39.701
96  64.205
10.7    15.9
73.902  23.299
87.402  87.598
13.6    88.902
65.697  2.2
44.803  65.205
82.803  11.8
9.099   15.4
17  42.098
74.197  28.701
25.402  24.799
96.402  25.6
90.697  44.299
23.4    68.402
87.5    11.4
4.8 24
37.701  66.795
99.598  18.701
21.4    4.9
67.295  84.402
66.5    13.3
36.799  74.5
91.394  2.9
17.299  4.1
68.902  8.2
8.6 89.902
78.598  55.5
87.197  39.299
48.402  42.398
51.5    9.6
71.402  77.303
86.197  1.7
19.402  53.102
58.898  55.697
96.402  23.701
95.402  97.098
39.701  42.5
92.295  47.799
28.5    99.803
65.106  3.8
43.701  83.705
33  93.902
33.299  32.303
28.098  29.699
40.5    35.701
82.5    98.402
27.4    20.5
24.4    94.803
58.799  23.701
24.699  95.705
63  4.9
18.9    7.1
18.098  64.205
99.902  54.004
30.002  83.098
52.299  96
15.9    64.705
1.9 58.996
83.902  98.098
24.799  76.205
79  30.701
63  68.598
97.098  19.5
19.301  45.697
24.799  21.699
16.799  60.398
52.201  58
81.803  85.5
16.1    70.303
10.2    22
59.299  13.099
2.3 84.098
48.697  57.598
8   33.197
44.803  52.299
98.795  25.799
11.1    74.598
16.9    67.295
65.303  31.799
63.803  41.5
98.197  24
17  31.5
38.5    41.5
36.701  32.201
67.197  40.098
74.402  10
76.205  44.803
7.8 16
86.902  63.098
68.098  54.902
4   96.5
18.098  24.299
72.697  8.901
76.303  71.303
67.197  71.106
43.398  91.197
18.199  1.7
7.7 96.803
0.3 23.4
36.598  61.795
33.197  70.303
51.5    13.401
68  19.9
47.299  84.5
17.701  22.799
83.902  15.299
99.803  57.799
43.598  62
35.201  8.8
73.902  40.598
65.106  46.098
90.106  48.299
66.295  90.106
32.701  4.5
12.8    43.598
50.197  17.4
71.5    21.799
78.5    10.401
18.701  98.295
75.902  34.402
86.598  65.697
88  42.398
97.894  19.5
98.402  74.098
58.398  67.197
4.1 95.205
41.5    52.102
75.098  18.4
29.1    11.599
37  62.402
24.799  21.4
62.402  79.697
67.795  65.697
23.4    62.803
62.598  72.894
34.402  24.9
28.098  84.303
37.402  47.402
83.902  60.004
82.5    70.902
37.598  40.902
62.098  38.402
6   79.5
39.299  21.6
35.201  6.1
19.799  8.299
12.2    55.098
27.5    4.9
26.9    44.5
38.803  15.2
7.8 15.6
86.795  13.6
35  89.303
50.5    24.799
17  81.5
54.201  3.1
4.2 51.201
41.803  39.398
99.295  71.902
77.606  64.902
16.5    91.902
69.5    87.803
55.295  95.803
36  93.697
13.2    56.598
78.098  0
77.902  50.705
23.9    27.902
72.5    28.9
55.902  78.697
45.201  38.299
57.303  44.602
1.6 81.598
52.496  14.201
65.902  92.5
7.2 9.5
77.705  60.201
65.902  36.299
59.504  20.4
31.402  1.6
89.402  79.795
30.4    39.5
28  18.299
56.5    29.6
83.5    41.299
59.602  54.598
76.5    77.606
94.598  75.402
22.9    21.9
30.5    29.4
89.606  91.295
44.102  72.098
69.098  16.598
53.201  84
67.098  90.803
2.6 6.2
21.1    0.6
89.606  74.295
35.402  82.098
89.205  87.803
26.699  42.697
21.9    30.799
69.303  46.598
24.6    72.5
60.102  18.6
27.799  46.598
99.197  12.5
97.197  84
34.799  75.598
51.098  79.902
28.602  59.799
47.201  3
14.1    54.402
56.303  22.5
9.701   16.598
97.295  22.5
53.602  47.602
94.098  14.1
0.4 65.902
19.699  33.898
59.102  44.701
60.701  69.803
32.602  5.3
9.4 20.701
59.799  7.4
35.402  51
21.199  90.902
46.799  13
57.902  19.6
16.598  64.803
92.902  20.701
5.5 52.701
43.201  85.197
49.398  44.201
41.299  62.697
27.902  52
35.602  51.898
96.106  54.701
58.602  39.5
6.5 24.1
17.9    66.098
10.5    90
78.303  7.1
52.701  35.602
88.803  49.398
3.5 75.197
79.295  66
11.5    17.201
72.795  25.701
53.701  79.902
83  54.402
59.504  16.598
85.394  43.5
54.201  80.098
52.996  12.9
30.4    95.303
12  46.201
41.602  5.7
99.295  97.295
75  61.902
21.199  29.301
65.5    23.6
30.4    97
38.902  56.303
69.598  96.205
95.5    42.299
10.9    5.7
57.902  73.197
34.098  34.799
49.902  27.002
67.098  50.902
3.5 19.1
90.402  52.996
65.402  60.299
11.901  27.902
28.799  31.602
3.6 69.598
22.402  97.5
27.201  81.098
3   9.3
61.598  62.902
27.902  2.4
54.299  0.6
31.299  9.8
11.5    17.9
32.402  50.902
7.3 20.801
90.803  77
55  76.803
12.5    78.894
41.201  16.598
60.602  62.902
73.295  94.303
18.5    42.598
20  18.299
91.598  46.902
25.701  1
79.098  85.598
32.602  77.606
30.4    10.9
89.402  18
46.902  87.303
16.4    92.098
97  35.602
2.4 5.6
33.098  51.402
23.199  37.5
27.299  70.598
65.402  19.6
47.602  48.201
62.902  23.6
3.5 72.197
81.303  1.5
67  70.5
61.697  24.201
8.5 23
26.6    0.8
96.697  41.299
72.295  56
53.398  63.402
4.2 14.8
94.705  66.098
31.602  69.705
84.197  45.799
31.602  85.295
66.697  60.602
57.902  47.098
21.199  56.803
76.705  33.898
67.402  79.197
76.803  40.799
42.598  52.701
50.402  53.504
71.205  70.5
28.9    66.394
46.799  89.098
24.6    92.598
4.4 90
39.398  59.799
84.197  3.5
32.799  46.902
12.9    29.4
3.6 31.602
61.697  55.402
59.701  35.299
0.9 6.7
85.795  61.902
53.201  65.598
82.205  0.5
72.295  3.9
79.795  59.799
87.803  73
61.5    53.799
35.902  23.801
70.803  96.902
14  6.7
20.6    26.199
34.598  50.598
57.701  61
95.902  49.201
38  71
38.602  35.902
88.598  92.197
87.697  48
2   47
66.902  21
13.9    60.902
72  88.598
61.5    4.6
90.205  60.902
7.1 26.301
89.705  47
64  5.2
41.402  7.1
63.701  22.301
85.902  50.803
92.402  80.902
77.205  94.902
15.099  17.801
77.205  53.799
84.598  14.901
31.701  90.598
39.898  73
96.598  86.295
39.898  22.1
99  94.902
6.3 53.299
99  68.303
16.201  49.799
36.098  47.701
58.496  17.5
90.205  46.299
73  62.303
52.799  34.902
7.3 25.5
94.902  49.299
38  15.001
35.799  39.898
61.299  13.7
9   92
7.5 26.801
5.3 82.402
25.299  6.6
73.697  39.201
12.3    17.801
29  91
1.4 96.303
21  88.402
29  13.799
30.301  14.901
86.5    94.902
51.598  90.598
98.598  40.201
75.303  5.2
89.705  76.098
36.398  50.803
49.5    70.402
93.598  56.902
42  81.902
38  89
51.799  46
25.299  26.301
85.902  65
66.598  42.799
10.599  70
58.496  44.902
21.299  45.5
64.5    6.7
25.098  8.4
45.5    2
10.1    58.299
46.398  7.901
90.303  45.299
80.598  31.902
55.598  31.902
3.2 45.299
59.398  98.902
49  53.299
64.098  58.701
52.898  62.5
77.402  47.701
1.8 39.201
64.606  45.598
97.394  44
40.402  73.697
59.201  26.199
14  82.902
93.598  17.6
96.598  98.902
54.799  38.102
58.098  55.598
93.098  76.402
93.5    38.602
35.799  32.102
3.2 85.902
53.799  20.201
88.598  68.697
3.7 80.697
71.598  5.8
31.098  34
64.098  46.701
98.902  98
88.098  5.9
91.5    51.598
79.402  73.697
38.701  88.205
19.201  68.303
82.705  76
49.701  59.898
39  26.498
71  54.799
77.106  58.701
49.5    1.4
16.301  96.598
23.801  60.5
59.898  40.299
27.299  61.197
6.8 96.106
44.902  15.801
2.3 23.199
46.398  38.701
88.803  65.697
17.6    51.799
74.598  61.098
43.701  93.598
80  86.5
80.197  12.701
98.197  14.599
88.803  40.299
71.402  28.701
7.1 74.803
68.197  57.799
71.205  94.402
44  10
23.4    18.799
37.098  95.098
53.898  32
0   32.602
26.6    93.598
24.1    94.705
65.106  19.201
81.303  43.902
4.2 28.098
26.498  15.099
46.701  44.102
42.799  6.8
4.9 43.902
1.7 65.902
58.996  42.299
67.197  88.705
98.697  25.9
14.201  39.598
1.6 17.9
34.299  35
52.602  61.299
44.102  74.5
90.697  64.902
93.902  46.598
8.6 6.3
22.1    6.1
69.098  30.598
61.795  96
10.5    29.6
57.902  96
72.197  79.402
65.402  8.299
31.5    89.803
1.5 55.803
18.098  82.705
98.098  12
43.598  67.697
29.699  34.201
39  71.205
91.394  16
10.1    78.5
26.801  74.803
6.4 60.299
11.4    49.799
89.5    61.598
74.598  61.598
66.197  36.098
20.1    66.197
25.201  73.697
44.602  72.394
6   92
21.1    54.701
52.299  5.5
7.3 44.201
1.9 4.8
17.1    49
68  70.402
90.205  68.402
13  27.1
14.301  89.705
12.2    56.697
90.106  59.398
46.398  91.5
5.7 81.803
41.201  35.402
20.4    78.402
64.303  83.606
72  92.098
27.598  92.402
80.902  27.701
45.201  87.803
76.5    87.303
99.902  71.598
93  71
63.205  19.6
62.197  59.102
45.102  72.394
27.701  69.598
15.299  57.598
43.098  42.098
53.201  19.5
83.205  99.295
19.5    4.4
66  81.697
69.5    25.9
62.598  44.803
84.697  14.901
75.197  94
12.2    5.2
16.799  19.201
5.2 36.197
40.098  76.303
36.197  30.301
11.3    32.102
25.701  41.701
38.602  9.701
0.3 11.599
49  13.501
94.803  97.098
80.697  49.098
74  51.701
95.5    38.5
10.2    36.299
4.5 77
69.598  19.201
28  86.697
90.803  70.598
25.5    74.098
68.697  69.705
26.498  39.701
27.1    60.602
75.402  68.5
3.5 61.402
57.799  13
63.701  13.501
93.803  87.902
18.701  25.701
77.205  35.402
61.5    81.598
55.5    42.898
2.7 18.6
47.5    7.2
15.299  26
88.902  37.299
68.197  40.201
83  29.199
50.098  26.199
99.197  93.598
72.197  36.098
34.5    96.205
50.303  0.8
68.402  43.701
70  44.803
59.799  44.902
98.598  75.705
81.803  66
76.902  2.4
27.201  43.799
1   23.9
93.402  65.106
41.803  62.5
75  36.598
91.295  60.201
48.201  35.602
28.098  90
81.402  44.701
75.5    39.098
67.795  30.1
29.4    69.803
49.598  36.799
39.299  29.801
83.402  95.803
93.098  80.197
96.697  73.197
97.697  49.201
71.803  62.303
85.598  14.301
74.697  34.701
51.598  56.197
7.5 12.8
28  64.705
9   76.902
87.098  34
94.303  5.5
33.799  79
37.799  63.803
13.799  73.402
76.402  73.295
40.902  32.902
70.402  25.201
98  28.201
96.106  94.5
30.799  67.5
38.902  56.402
28.602  10.1
77.606  95.598
17.5    50
58.799  87.303
76.303  16.598
43.098  26.699
39.201  14.901
70.098  61.795
63.902  22.6
46.299  14.4
45.102  74.902
63.598  19.699
22.1    73.795
84.795  56.098
97.394  11.8
25.098  17.5
70.205  73.902
75.5    68.803
54.102  15.2
73.197  14.1
92.098  97.295
2.2 95.303
52.799  7
16  50.197
43.799  11.7
71.598  3.1
19.201  14.901
99.5    52.602
40.201  94
25.799  9.6
17.4    70.402
98.902  40.5
51.799  25.299
64.303  15.6
54.004  78.197
2.6 95
26.301  12.3
29.301  11.4
77.705  25.701
37.098  31.299
19.201  8
69.803  21.799
35.299  48.898
9.099   33.701
96.303  29.498
92.795  62
81.098  60.799
57.098  84.697
91.598  44.299
23.299  40.799
98.598  43.598
5.5 58.098
98.295  53.299
51.5    66
22.1    59.201
88.598  67.5
91.598  81.098
58.496  74.598
31  37
47.799  55.697
8.2 69.902
36  19
44.701  87.803
97.394  38.701
35.299  59.602
24.299  70.803
4.8 26.6
17.801  60.799
47.098  38.201
58.398  2.4
59.398  5.7
64.205  27.598
50.803  26.1
17.701  33.299
79.098  33.598
32.303  94.598
90.106  84.197
91.598  7.901
22.402  74
2.1 28.299
2.1 9.701
85.902  76.803
47.799  90.5
6.7 20.902
92.697  33.197
86.098  55.098
98.5    34.799
35  94
22.201  40.598
20.299  68.402
87.598  26.699
57.098  32.799
60.602  66.5
95.598  23.701
94.303  28.701
84.795  62.098
38.402  28.098
88.902  28.5
45.102  32.102
17.1    39
75.303  60.701
40.098  33.5
13.799  73
80.295  1.9
65.902  1.5
62.197  71.902
76.5    52.201
70.803  66.394
34.701  67.5
69.402  60.201
21.9    2.6
36.799  32.303
87.303  81.303
60.398  63.303
49.701  88.902
32.102  99.295
8.4 45.598
42  15.4
7.6 17.9
3.2 23.299
61.902  34.402
1.8 3.9
31.299  26.1
7.2 67.197
24.5    32.602
58  32.5
9.4 86.598
57.205  14
89  84.5
20.4    40.5
72.598  16.201
5.3 45.697
55.902  38.299
29.498  99.902
78.5    31
45.299  36.701
63.803  44
44  99.402
42.5    35.701
23.9    74.5
22.701  93.803
22.1    23.701
42.201  59.398
46  65.5
10.5    32
81.697  17.801
13.9    56.303
28.701  5.4
32.303  45.102
9.701   84.5
6.3 84.402
49  57.098
75.5    91.197
32.701  61.795
19.699  9
16.799  3.5
88.705  78.402
92.197  92.402
71.598  16.799
64.803  28.602
69.5    43.902
73.197  97.394
62.402  15.701
72  88.705
25.6    44.5
13  58.201
59.898  44.402
88  29.4
74.803  32
35.102  15.701
77.303  84.303
29.1    59.898
62.303  46.299
14.599  64.902
7.2 18.799
76.098  81.598
80.295  19.301
70  26.699
65.303  72
82.402  89.402
20.6    70.803
1.9 61.697
43.299  64.705
67  35.299
12.701  55.098
57.701  7.7
72  40.799
65.598  1.9
3.6 29.699
51.701  66
24.201  66.394
50.197  9.3
7.901   83
63.303  51.201
81.697  82.705
68.5    61
6   7.3
92.197  3.8
95.705  93.197
45.201  39.398
44.5    51.701
76.402  82.5
19.201  52.299
85.598  48.102
23  39.5
66  88.5
79.402  47.299
88.803  2.9
13.7    39.201
37.098  61.197
36.598  53.398
63.303  86.697
90.803  46.799
62.598  38.102
98.598  11.599
13.099  89.902
68.598  85.098
83.205  76
22.701  2.6
49  30.301
81.303  43.098
5.3 0.4
71.902  90.5
94.197  67.197
86.697  94.098
45.102  92.098
13  77
84.303  40.098
57.205  77.205
84  93.402
15.4    19.1
92.197  64.205
33.701  51.303
39.799  99.598
21.799  39.701
54.201  56.697
12.9    79.697
41.102  60.902
59.398  42.398
30.4    36.598
89.098  79.697
80.098  54.201
29.4    33.5
3.5 70.902
91.697  65.697
74.197  89.705
97.894  55.598
58.496  7.3
16  71.803
77.303  32.402
67.697  29.301
46.799  72
48.898  44.5
6.7 81.197
34.701  36.598
62.197  28.799
57  30.5
57.902  49.098
69.705  20.4
47.402  18.9
77.402  82
89.902  22.201
33.398  25.098
19.301  39.898
11.3    70.705
66.098  28.799
46.799  0.9
34.098  57.701
47.799  58.098
35.902  86.902
56.197  93.803
62.5    98
76.705  60.102
57.098  76.803
53.299  52.996
50.303  77
94.5    74.902
57.5    54.201
97.795  95.705
36  19.6
19.699  97.5
23  34.402
11  25.098
0.9 25.201
18.4    20.801
47.799  55.697
94.303  82.803
58.398  5.1
31.602  7.6
79.197  35.701
34.402  80
24.299  28.5
50.098  18.701
96.303  47.098
79.295  52.996
1.7 87.197
61.197  57.902
4.1 70
70.803  59.201
63  68.803
12.701  81.197
61.598  33
24.201  52.496
31.5    71
55.098  14.599
65.106  15.4
56.303  67.902
89.205  32.402
24.9    67.098
95  84.197
47.299  93
63.303  66.697
83  6.3
11.7    24.4
25.5    55.402
67.795  96.5
63.5    67.402
35.799  86.098
17  99.697
48.299  99.5
31.299  2.1
1.8 80.697
97.394  23.9
66  84.795
73.402  22.402
81.697  40
90.803  82.705
76.205  65.303
29  76.205
41.102  84.795
9.2 99.295
40  92.295
0.3 63.303
44.701  27.1
48.799  31.5
99.098  1.2
17.801  39.398
15.9    64.5
48.102  95.902
13.9    18.6
0.4 66.295
7.4 40.701
3.2 46.398
49.902  27.002
70.5    3.6
3.3 83.303
91.795  70.902
89.303  30.598
26.4    48.102
9.099   43
84.402  96
35.902  46.299
69  29.199
3.4 97.795
87.598  19.1
39.098  96.106
7.4 59.602
85.902  80.902
20.5    2.3
71.697  48.598
75.598  27.002
2.6 73.295
85.197  90.803
2.7 15.4
18.6    10.8
42.697  89.205
77.402  81.902
88.402  42.201
43.201  22.5
52.996  33.5
53.398  69.705
33  62.803
23.4    88.598
77.106  76.402
14.1    86.402
13.401  40.5
8.8 33.598
12.3    53.299
82.902  13.7
98.902  10.8
4.1 35.201
51.799  65.598
16.5    65.303
40.5    48.799
18.9    96.106
23.1    92.5
72.098  87.402
17.9    1.3
50.598  42.201
33.898  65
36.701  45.299
24.799  19.5
16  20.1
75.803  97
90.598  41.803
50.402  40.598
83.705  14.901
82  93.697
25.799  39.701
7.4 39.598
1.8 6.1
88.098  93.803
81.902  53.299
70.705  0.3
11.5    34.701
1.8 29
37  65.902
86.697  62.5
39.5    78.598
98.598  92.197
79.5    11.201
61.402  35.299
85.394  15.6
2.2 47.299
18.199  62.803
12.4    18
94.098  87.697
92.098  78.402
56.5    88.803
45.697  8.6
86.098  36.598
42.398  49.201
91.902  99.697
87.803  75.705
64.803  57.098
86.295  55.902
25.6    98.598
43.799  8.6
57.098  82.098
97.098  37.5
41.5    33
56.197  0.7
71.803  1.6
18.199  54.902
58.201  79.5
58.898  4.6
44  67
87  51.201
20.6    15.2
40.902  56
35.201  5.9
30.199  19.201
0.9 75.197
10.401  10.7
97.295  84.697
44.299  50.705
32.5    35.799
70.803  80.5
15.099  11.1
72.795  30.701
8   75.098
73.598  57.098
35.5    1.2
59.504  82.098
23.9    45.5
20.4    53.102
13.9    1
21.299  11.599
5.3 46
58.898  21.799
54.799  26.6
37.402  71.697
63.402  74.402
19.402  17.4
47  81.697
78.303  11.3
92.098  66
68  87.697
84.795  39.898
53.504  57.303
21.699  10.401
55.197  53.201
14.5    20.902
13.501  61.299
4.5 10
87.598  81.697
52  6.4
16.5    99.697
41.201  39.398
19.699  24.201
94.902  81.5
96.402  93.402
78.598  6.5
68  54.799
35.701  32.799
1.8 90.402
38.902  47.5
28.299  49.299
24.201  0
6.5 64.205
52.898  53.602
79.697  90.598
84.795  55
37.5    62.697
38.902  15.299
43.598  73.697
82.598  4
88.705  49.201
54.701  68.598
6.9 23.199
13.099  39.098
60.5    70
89.205  35.299
77.606  17.299
3.7 44.602
16.5    14.7
63.303  4.1
72.894  31.5
23  29.498
26.1    79.902
87.5    44
48  22
7.7 75.705
2.2 18.6
89.205  34.902
3.3 17.701
85  89.902
47.902  99.402
74.697  62.598
71.598  46.701
64.303  17.201
29  52
60.5    29.4
58.996  71
40  35.299
23.701  92.098
7.1 91.697
67.098  61.697
95.205  18.199
84.303  63.205
86  28.299
99.5    46.299
69.705  18.9
52.102  80.197
56.5    12.5
87.303  3.3
90.803  5.7
22.5    60.102
81.197  61.697
84.697  58.602
52.701  10.8
65  61.697
52.799  81.598
13.099  15.299
66.598  9
44.5    19.799
14.901  66.697
45.898  77.106
89.803  15.6
7.3 12.4
84.098  55.5
79  43
18.4    77.402
14.5    21.4
27.902  96.697
80.902  50.303
28.299  20.1
53.701  49.598
68.803  31.402
59.602  88.5
17  5
38.902  39.598
80.5    77.902
1   7.5
10.7    18.5
87.303  64.098
19  2.7
32.402  51.402
55.902  25
22.6    39.898
31.098  71.402
79.795  92.5
37.902  52.799
86.795  84.402
80.5    45.898
80.803  0.3
92.098  34.902
62.5    49
99.697  30.701
23.9    48.898
25.299  68.303
35.299  1.5
34.902  29.4
87.402  74.098
8.8 43.799
26.801  87.598
93.697  86.598
21.299  7.6
19.301  77.606
53.799  16.699
32.799  47.402
82.5    99.697
87.902  37.201
33.898  72.894
24.5    34.799
58.602  41.902
0   61.902
87.098  59.201
63.803  51.598
15.2    16.699
10.1    8.2
0   34.902
70.402  60.701
76.705  54.799
67.5    89
60.299  18.299
52.102  45.598
78.303  95.303
73.902  45.402
10.7    50.303
72.394  87
3.6 87.5
51.5    68.098
94.902  23.4
26.498  26
71.803  37.598
66  41.299
38.102  97.098
34.701  22.301
17.9    30.1
21  37.299
58.398  6.2
76.803  90.803
59.201  25.701
16.699  26
19.9    72.5
19.6    78.402
58  23.199
16.799  88.402
57.098  18.299
9.4 96.598
60.5    62.402
56.598  22.402
99.5    87.598
41.701  94.902
78.5    5.5
68.598  45
16  49
34  97.5
47.799  19.6
32.902  17.4
5   22
77.106  10.7
59.398  39.299
13.3    73.197
87.902  96.598
3.6 25.098
46  92.795
12.3    56.197
12.3    64.902
89.098  11.901
92.902  20.299
49.5    90.402
17.1    76.5
63.098  97.598
74.402  35.402
43.398  90.697
78.5    9.8
21.799  3
69.5    63.205
78.697  52.201
94.705  79
66.098  60.299
70.803  67
37  50
50.803  55.5
79.295  24.6
3.6 89.5
76.402  54.402
68.902  23.801
84.697  10.401
70.303  14.599
58.602  65.902
23  8.1
65.697  61.795
57.701  5.2
24.201  3.8
77.402  31.299
65.5    91.697
61.902  60.299
31.602  90.106
51.799  37.701
33.898  24.9
84.098  42
12.6    43.398
41.102  17.299
38.902  95.902
51.402  35.799
23.299  42.299
59.898  17.5
56  11
25.098  58.898
11.4    39.098
82.5    17.4
5.9 26.6
70.705  0.8
1   11.8
98.598  57.799
79.295  92
85.598  13.099
95  66.098
49.701  81.803
47.299  78
11.3    6.9
48.697  44.701
80.697  83.803
5.4 15.5
26.6    54.701
29  18.199
18.701  46.098
3.2 5.8
33.197  76.303
69.803  29.498
90.303  30.4
7.4 22.9
67.402  97.795
57  87.303
3.3 33.299
43.398  98.402
74.803  95.902
49.902  77
69.098  20.5
85.295  73.697
72  75.803
9.2 3.5
41.201  47.799
62.402  17.9
62.803  11.8
90  59.898
72.5    98.598
22.301  24.6
66.197  74.697
59.398  67.197
26.9    16.598
49.799  9
98  30.799
39  45.697
55.697  39.598
1.9 31.902
55.598  42.201
87.803  36.5
21.199  97.697
46.5    8.8
58.098  38.402
10.599  99.098
30.1    66.295
86.402  21.9
26.801  28.5
36.799  75.098
14.8    67.697
0.7 79.5
68  46.098
78.402  6
56.402  74.598
4.1 47
95.902  33.898
97.697  7.6
76.402  69.402
7.6 95.098
95.098  93.598
53.898  91.795
94.197  20.1
4.5 34.098
48.5    80.697
97  6.5
54.201  67.402
65.803  20.201
49.701  12.8
80.902  69
64.098  27.299
22.201  62.902
72.697  60.5
98.902  40.201
40.299  81.303
9.701   4.1
4   5.6
23  62.098
35.201  83.902
86.197  60.299
38.402  82.705
21.699  28.402
48.402  71.697
49.902  28.799
39  8.6
2.5 48.299
57.098  51.201
75.598  94.902
90.205  45.299
94.5    29.199
62.598  73.5
75.197  80.5
23.4    1.5
10.8    59.504
93.098  80.098
6.6 24.699
4.5 76
19.699  17.6
23.701  4.6
46.598  20.4
93.5    17.5
56.697  6.4
60.201  91.098
18.5    68.5
90.803  40.902
45.5    26
39.201  30.598
68.902  33.197
69.197  98.902
90.902  66.5
77.606  29.498
29.801  7.8
62.803  78.197
19.799  23
92.197  88.598
61.402  97.598
64.402  37.201
0.5 38.5
91  36.598
71  50.197
40.701  83.5
55.697  30.598
5.3 59.102
13.9    34.902
42.299  98.598
33.598  37.402
91  21
1.5 85
37.402  20.5
78  49.398
65.697  13.9
88.803  3.3
95  94.705
94.5    11.7
83.205  29.4
11.5    47.201
14.5    22.5
2.8 75.803
42.5    87.098
91.902  99.295
67.402  31
59.898  52.299
98.197  41.602
32.602  72.295
76.205  40.5
23.801  27.1
18.799  46.299
28  21.699
29.199  0.6
42.799  26.1
16.699  25.299
53.602  7.4
17.801  37.299
68.402  89.5
25.299  40.799
3.7 3.9
7.7 63.303
64  0.8
40.598  23.4
69.803  19.301
65.697  58.996
60.602  89
72.295  19.201
20.6    0.8
11.8    78.697
53.299  76.902
87.598  32.402
76.5    12.4
33.598  13.3
54.102  9.3
67.197  38
31.701  44
50.402  45.898
90.803  44.402
45.598  96.803
71.402  23.4
39.398  33.598
41.803  70.205
39.598  64.803
20.201  29.301
2.9 82.803
31  91.902
84.5    26.699
94.5    68.803
30.1    26.699
88.598  44.902
5   94.5
70.303  25.201
67.598  12.4
5.1 47.201
86.795  6.7
7.7 16.1
69.303  51.5
17.9    8.4
50.5    82.902
38.803  83.303
32.701  49.598
30.898  1.8
89.205  5.9
34.201  62.697
76.098  6.2
20.801  85.098
14.7    48.102
25.799  70.598
32  79.598
75.705  52.299
30.4    3.3
61.197  22.799
28.201  59.898
66.394  20.299
27.4    95.303
77.106  33.197
47.098  52.701
35.5    85.598
52.898  89
80.197  28.799
48.201  40.5
80.295  97.795
65.205  57.902
70.303  44.299
1.2 24.4
45  82.205
12.6    51.598
72.697  79.598
43.398  66.098
38.701  94.803
38.902  98.697
48  82.902
38.602  18.4
93.598  1.8
65.803  63.402
59.799  34.902
54.598  78.598
39.898  99.902
71.697  27.902
80.598  97.394
87.303  6.6
52.102  54.402
31.799  14.599
25.402  40
26.801  83.5
5.8 30.301
93.197  81.098
22.701  7.6
61.795  63.701
34.799  64.705
41.701  68.197
58.496  43.398
57.598  52.398
76.402  87.303
65.205  60.398
75.902  98.795
79.795  15.9
86.697  73
9.4 0.5
84.098  21.6
68  85.902
96.598  97.098
44.602  5.7
14.8    93
95  34.902
85.5    84
33.398  56.902
74.098  27.201
74.098  0.3
33  58.496
93.098  72.394
33.799  27.598
53.201  32.402
12  37.201
83.205  15.6
79.098  83
11.1    6.7
29.498  44.803
86.795  26.9
96.303  42.299
78.303  38.402
22.402  2
63.098  12.1
16  53.504
28.799  97.5
64  91
48.898  86.197
20.701  57.5
59.299  65.5
18.4    2.1
60.398  34.201
99.295  46.398
84.795  9.3
80.5    48.799
59.701  74.295
74.295  45.799
6   87
96  86.795
69.402  53.701
5.9 76.598
24.1    25.6
59.898  34.5
42.299  38.602
14.901  26.1
58.299  8.2
16.201  48.5
64  6.1
22.301  98.197
18.701  16.699
68.803  16.9
19.301  22.301
44.902  11.599
73.295  7.2
30.301  31.902
37  53.701
0.6 91.697
70.402  26.301
22.301  71.402
75.5    64.803
53.299  34.902
10.9    13.2
43.201  13.401
10.2    72
14.5    42.5
50.5    65.902
17.5    75.5
14.4    66.902
16.1    11.599
37  1.2
22.9    87
66.795  28.799
45.697  58.201
55.803  47.402
19.201  32.799
44  44.902
38.299  72.697
39.598  16.5
10.401  28.5
84.5    47.902
47.098  70.402
72.098  69.598
93.098  37.5
86.697  48.898
31.098  5.1
31.602  38.701
98.598  50.5
75.5    40.799
21.9    75.803
52.996  97
68.902  29.199
89.098  57.098
7.5 99.697
90.697  37.201
25.9    35.701
88.598  94.598
10.401  37.299
6.7 54.201
42.799  87.598
24.1    30.701
21.9    45.697
69  65.303
78.894  99.902
49.5    49.701
99  32
35.602  19.9
17.201  50.098
15.001  24.699
33.598  9.2
72.197  54.701
1.7 2
93.5    17.701
53.299  92.5
8.7 52.496
33.799  13.099
53.799  96.402
55.598  74.098
22.799  63.5
59.201  92
21.6    6.5
4.8 85
85.295  37
83.098  57.205
72  92.598
78.402  89.5
69.803  54.5
93  66.598
40.299  44.402
59.898  73
87  80.402
60.5    57.205
95.902  51.402
88.402  95.098
67.5    52.299
84.894  32.602
63.902  91.295
56.197  50
14.8    59.299
5.9 68
80.098  73.402
38.5    15.6
46.5    82.205
35.701  78.402
31.902  23.5
2.7 2.8
4.7 90.902
60.398  11.8
16.699  69.5
57.701  54.5
85.394  3.9
52.102  29.498
64.303  98.5
58.799  36.701
14.5    81.402
28.799  2.6
21.799  32.102
99.598  26.699
27.4    66.598
9.2 35
94.902  2.3
43.598  23.5
56.303  43.201
28.799  71.402
21.799  76.098
66.795  15.2
13.3    26.9
30.301  46.701
34.098  97.697
99.697  95.5
82.902  50.303
91.795  83.402
79.402  47.701
82.5    79.697
37.799  96.5
96.5    36.299
48.402  19
48.898  17.299
44.102  2.7
80.902  86.295
86.5    11.4
7.6 74.295
65.697  13.501
86.098  97.098
23.5    49.799
31.902  63.902
49.5    27.002
85.197  58.299
20.902  51.598
19.9    95.402
11.5    67.197
77.705  84.795
74  87.303
80.902  30.898
48.102  71.902
28.701  79
55.5    67.197
53.898  99.5
95.303  15.6
12.9    95.803
52.701  67.402
43.201  43.598
44.701  55.402
73.098  77.705
14.4    42.799
56.803  58.496
59.602  33.701
6.3 85.197
53.398  88.902
6.9 97.697
79.5    36.398
11.4    27.799
12.8    50.098
21.5    69.5
25.299  38
78  14.1
57.701  31.5
10.5    7.3
60.602  85.902
70  71.402
90.205  42.299
73  17.801
1.3 57.701
86.5    21.6
84.098  3.6
6.1 45.799
4   88.303
18.5    13.6
88.902  95.205
31.299  56.902
17.4    52.602
45.402  72
97.5    44.299
69  7.901
89.902  82.5
86.795  71.106
48.299  15.6
37.402  39.898
87.098  14.5
72.5    3.5
26.1    33.197
23.299  90.303
95.098  33
36.598  19.6
6.9 28.9
46.5    68.098
10.599  84.402
6.3 68.598
17.1    53.201
65.902  22.9
56.598  85.098
85.394  34.701
35.102  3.5
54.004  55
44.902  31.902
38.803  66.197
16.301  47.201
38.5    10.401
4   52.201
2.3 77.705
29.199  22.402
88.705  80.803
98.795  18.098
25.5    28.799
84.5    3.6
90.697  86.795
92.697  47.5
77.705  98.795
36.299  61.197
15.6    57.5
33.898  98
40.598  24.1
77  90.303
66.795  26.301
66.795  94.803
26.1    99.197
41.402  98.795
45.102  83
83.303  44.902
41.299  79.697
6.7 86.098
38  28.402
84.697  6.5
72.394  49
53.398  72.697
73.295  5.9
21.4    14.5
99.5    47.5
53.799  98.697
35.5    75.303
43.398  8.6
92  28
91.598  72.697
61.197  3.4
66.697  69.598
89  4.6
91.098  35.799
90.803  40.402
73.295  81.902
5.6 27.002
88.098  13.2
44.102  99.295
75.303  58.898
17.9    2
31.602  6.7
60.602  28.9
55.402  9
34.299  26.6
27.701  80.098
94.705  88.5
89.705  3.5
84.598  58.602
53.602  63.098
21.199  79.697
53.799  77
86.902  76.803
4.3 79.5
3   77.902
25.201  22.301
94.902  9.4
64.606  47.098
93.303  29.301
25.299  40.701
61.197  13.3
83.402  55.197
15.299  95.098
63.5    87.197
87.303  52.996
33.5    69.598
59.504  43.799
29.199  1.4
45.898  67.902
58.799  90
14.1    45.402
1.6 79.295
26.699  70.205
0.3 97.5
20  6.1
60.201  54.902
30.898  39.398
38.602  0.5
4.3 97.394
14.599  75.197
6.7 24.6
62.697  32.102
1.9 94.402
57.402  55.098
16.201  95.5
54.799  7.901
76.5    70
42.799  10.599
13.099  34.299
55.197  3.5
92.598  52.996
44.902  16.301
75.5    97.598
42.898  16.799
32.402  10.9
93.303  5.1
79.5    89.303
66  95.402
2.6 33.799
3.7 14.201
81.697  87.803
34.799  48.5
1.6 37.299
88  33.799
50.902  30.301
62.303  85.902
21.6    27.598
18.6    96.303
23.801  44
61.902  49.799
51.5    37.799
58.098  21
62.598  65.598
84.197  25.9
5   28.5
57.902  91.295
92.902  44.5
64.303  64.402
89.205  43.201
38  96.106
33.898  66.197
47.098  33.5
6.3 81.803
5.4 72.394
8.5 52.996
54.102  43.299
79.098  21.4
98.402  26.699
16.9    43.799
27.799  88.402
87.303  85.697
71.106  59.398
57.799  21.9
71.303  83.705
74.697  78.197
48.102  4.7
59.602  22.1
28.098  33.5
4   54.902
30.002  35.799
82.598  31.701
70.598  86.197
21.699  22.402
4.8 32.799
46.098  24
99.902  92.5
39.898  99.697
48.898  97.5
81.197  1.4
53.504  32.902
51.5    43.098
74.197  3.6
45.5    34
93.098  17.9
38.201  96.402
2.1 53.701
49.098  13
55.402  35.402
90.5    35.201
29.301  63.098
58.496  54.902
73.402  92.598
65.402  59.299
51.402  45
64.705  90.205
54.799  29.4
32.5    9.8
80.402  66.394
36.5    17
46.299  17.201
67.197  80.803
32  60.5
38.5    8.8
99  22.799
39.098  48.799
1.3 94.598
58.799  64.606
60.102  64.803
54.799  63.902
16  70.5
60.201  51.598
81.598  66.197
12  7.1
15.4    26.699
51  58.299
38.102  52.799
61.299  85.697
14.901  43.5
24.4    3.2
30.898  1.9
56.197  69.402
81.803  64
78.894  53.102
18.6    6.5
81.098  53.201
42.201  10.2
70.303  74.402
86.795  80.803
19.799  35.201
52  1.3
4.2 78.098
57.902  44.803
26.199  90.205
23.6    49.701
84.402  66.5
73.5    17.701
42.799  60.201
9.099   21.699
70.902  53.102
46.5    13.9
59.299  61.902
29.699  99.197
70.803  49.701
15.9    55.598
50.902  81
47.799  67.098
38.402  21.799
65.106  88.5
56.303  76.705
62.197  9.6
69.598  10.8
95.705  90.106
34.701  55.697
6.5 94
90.803  99.803
41.201  74
63.098  57.701
9.9 63.098
11.4    71.205
7.3 17.701
35.799  95.902
61.299  83.902
69.803  83.803
11.7    70.205
81.197  29.4
89  90.5
4.9 57.701
28.5    83.902
56.803  54.299
51.5    97.894
37.799  54.201
9.3 49.398
78  26.498
21.9    80.295
15.2    58
92.295  46.5
16.9    48.697
12.4    18.199
11  14.599
42.299  74.598
19.301  35.201
47.201  89
88.705  31.098
3.4 85.394
69  41.5
22.5    2.9
91.795  2.4
80.402  70.402
78.598  17.701
59.398  19.6
9.6 85.394
94.705  12.3
48.598  72.197
98.697  73.295
78.894  66.902
17.9    54.701
24.1    6.4
57.701  62.098
93  3.9
13.7    2.8
66.697  43.701
36.299  15.4
52.996  87.098
53.504  42.5
97.5    98.5
16.699  25.799
88  54.201
54.799  7.1
43.598  86.295
95.5    81.902
33.5    19.301
99.197  61.598
7.7 11.5
42  49.598
40.201  51.201
22.799  12
87.402  5.1
33.799  1.8
94.803  99.197
67.197  62.697
56.402  23.5
26.6    34.098
24.9    67.5
35.5    21.299
34  28.602
62.697  90.303
15.5    29.1
55.902  44.803
1.3 90.803
36.898  28.5
3.1 4.3
63.402  64.205
50.197  56.598
63.701  35
18.098  9.4
29.4    2.9
88.902  10.8
22.701  9.3
14.7    77.303
62.598  13.3
79.902  77.606
14.7    74.697
32.303  56.5
57.5    45.299
17.701  71.303
26.498  51.5
28  19.9
84.402  55.5
63.205  93.697
29.301  94
97.295  43.902
41  26.301
40.598  19.9
93.098  76.205
79  45.299
8   39.898
83.402  45.299
43.598  71
48.5    33.5
36  55.803
81.697  21
2.7 15.299
58.201  80.5
27.201  49.701
69.598  29
18.5    71.697
80.402  47.5
95.5    24.9
15.4    4.1
33.701  66.098
13  28.299
59.701  26
5.6 68.402
26.1    75.098
49  78.402
69.902  83.5
30.002  18.4
65.5    39.299
64.098  24.4
80  62.902
24.5    39.299
66.5    90.5
12.1    74.803
56.098  28.299
83.098  74.098
94.902  23.6
85.394  15.801
75.402  48.201
49.598  63.803
16.598  12.8
15.4    4.9
7   10.8
11.5    13.099
92.598  86.598
12.9    85.295
16.4    25.5
95.303  88.705
46.902  32.902
41.299  82.303
25.201  18.098
71.5    34.5
35.201  23.199
61.902  46.299
5.4 74.598
46.5    96.205
0.7 46.398
56.5    82.598
34.799  65
40.701  65
92.598  73.197
99  60.004
63.402  20
14.599  58.799
34.201  41.102
36.799  99
51.701  20.701
51.098  30.898
13.7    45.799
12.1    37.299
16.201  94.902
46.799  87.303
95.303  98.295
31.402  6.6
9.8 71.5
59.701  28.602
29  21.5
13.501  86.795
80.402  19.799
20.1    71.902
10.7    40.902
71.402  86.5
0.3 7.3
97.098  96.205
97.598  62.402
2.4 32.102
43.598  20.1
59.299  6.7
71.5    97.295
73  74.5
81.803  24
30.4    15.001
49.5    44.299
21.4    13.799
26.6    73.902
15.001  37.701
13.2    10.599
84.303  55.197
82.303  94
50.197  4
85.394  97.197
96  29.9
93.402  83.205
4.8 57.5
55  78.598
10.9    86.5
16.301  37.701
49.5    60.299
26.301  84
14.5    37.701
53.799  98.902
14.5    29.699
33  72.5
72.295  94.598
71.106  71.803
86.598  68.598
29.801  10.9
36.799  1.8
33.5    15.299
92.902  60.5
56  14.301
25.098  21.5
78.894  26.301
72.098  34.098
92.902  89.402
81.598  34.598
76.598  87
68.902  16
69.098  48.402
28.9    19.9
86.902  0
47.701  91.697
14.8    70.598
35.402  75.098
32  61.902
14.7    77.402
86  59.398
69.197  7.8
67.295  48
19.1    69.902
83.705  23
85.295  82.902
9.4 44.5
17.6    51.701
98.598  73.402
91  2.4
19.301  36.299
3.2 69.197
78.894  3.7
6   79.295
96  97.598
27.201  57
63.902  52.398
0.8 29.1
32.602  6.2
23.299  72.5
41.201  53.398
91.902  9.701
5.6 6.6
34.799  56.098
6   42.697
29.801  62.098
96.902  29.301
95.5    30.799
91.598  20.5
13.501  46.5
48.697  11.1
75.803  88.803
86.697  15.001
43.799  95.303
11.599  25.5
22.301  3.7
85.295  32.701
34.098  98.197
11.8    22.799
30.199  12.4
30.701  27.4
6.1 21.299
18.299  56.803
95  77.205
53.701  14.599
42.598  80.598
36.598  43.201
87.803  3.3
12.701  28.602
3.1 18.199
87.598  29.301
26.498  96
97.598  19.402
2.4 34.098
67.098  41.299
2.2 98.098
66.197  66.098
61.402  81.697
74.697  10.7
37.598  96.5
43.598  39.598
28.701  72.098
45.201  25.9
55.902  71.598
47.5    81.402
3.5 12.2
59.701  8.7
97.394  92.902
83.803  85.295
30.4    28.602
80.402  85.197
61.098  1.3
14.201  26.699
34.299  47.201
26.699  58.098
71.5    63.902
24.6    55.5
57.205  6.5
52.898  66.394
8.299   75.402
35.201  44.402
97  94.197
73.5    76.402
15.9    31.701
57.402  9
78.894  72
53.201  92.098
29.498  50.705
53.799  60.5
36.598  70.705
51.303  57.598
79.697  48.898
60.602  82.303
64.303  25.5
84.5    39.898
8   13.9
43.701  2.6
32.402  83.402
90.598  43.799
44.402  83.902
63.205  98.402
5.4 3.6
3.1 51.598
64.803  92.795
72.197  78.5
30.799  37.701
18  96.303
80.697  8.4
0.5 0
82.5    96.303
27.299  43.201
83.902  80.598
25.799  93.402
8.8 1.3
11.901  66.795
10.9    68.5
0.5 51.799
18.098  95.303
94.098  67.795
59.898  84.303
34.201  98.402
29.699  82.705
89.303  99
35.201  63.098
70.598  18.299
95.303  88.402
68.402  94.705
46.398  49.201
88.705  14.599
75.902  72
38.201  46.201
1.8 61.5
99.598  97.394
52  14.4
29.498  73.295
73.197  99.697
12.701  74.598
66  42.5
50.705  19.301
85.795  51.5
51.701  83.402
59.398  50.705
80.697  11.201
48.299  41.201
17.299  0.5
80.098  45
32.5    81.197
69  10.2
45.299  23.1
85.598  14.5
58.799  92.197
75.098  54.102
11.599  44.803
99.902  56.197
96.598  25.201
86.697  75.902
86.197  25
5.1 57.5
36.799  77.5
0.8 65.5
58  15.099
18.199  26
4.6 39
23  72.197
30.5    23.299
78.098  67.5
70.803  70.098
40.701  50
12.5    76
41.602  19.1
21.4    59.898
81.303  2.8
40.598  56
90.205  85.697
72.098  23.299
50.197  71.598
81  59.201
60.602  69.402
80  62
63.098  45.799
48.598  29.199
31.799  78.197
24  51.098
41.299  30.598
28.299  72.295
98.402  21.5
58.799  88.205
24.6    85.795
12.4    95.402
92.098  37.598
91.394  30.002
85.394  19.6
64.902  40
28  8.7
53.898  60.602
46.598  47.098
1.5 1.6
53.299  77.106
23.1    70.205
52.898  79.795
79.697  97.795
27.902  63.5
65.5    66.197
30.199  49.598
84  76.205
15.6    25.299
68.902  17
23.199  63.803
96  47.902
15.001  79.902
60.799  66.902
97  79.197
75.303  38.102
68.803  73.795
35.299  14.8
17.1    45.697
88.303  22.799
61.299  93.803
84  1.7
54.299  6.2
38.701  60.602
39.299  2.4
95.205  8.901
76.402  99.5
61.598  33.299
66.197  44.701
58.201  34.299
95.803  9.4
3.8 96.303
8.8 49.799
74.295  39.898
33.898  17
60.602  24
3.3 63.701
79.697  70.803
80.697  78.197
67.598  71.205
15.099  8.8
30.301  45.102
62.598  32.303
33.5    6.6
23.299  20.701
43  38.102
66.902  22.5
58.898  86.598
23.701  96.402
69.598  22.5
68.902  93
57.303  92
86.098  49.902
34.402  71.205
66.394  58.898
16.301  13.501
45.299  56.5
26.801  86.295
41.701  85.295
61.5    7.8
1.4 97.394
81.402  21.6
62.402  67.197
36.598  9.9
14.301  76.803
97.197  84.098
46  20.801
93.598  23.5
61.5    62.098
99.295  21.9
19.201  52.602
61.598  76.303
29.199  13.6
76.902  68.402
55.402  22.6
49.598  13.799
96.697  97.295
9.6 79.795
30.301  79.5
41  19.6
8.5 10.1
95.598  44.701
78.098  81.303
16  21.699
85.598  81.902
64.606  10.3
89.606  80.598
11.599  31.5
70  96.902
72.5    18.799
57.303  18.5
63.205  84.402
94.598  91.598
26  99.295
23.4    90
84  83
77.705  64.303
3.1 69
90  96.106
25.098  49.701
57.598  70
44.102  75.402
16.699  28.799
51.898  88.098
14.1    79.098
68.098  39.799
43.398  18.701
15.299  86.197
38.5    53.799
52  88
83.303  16
78.402  20.201
96.902  86.697
20.5    66.795
64.902  4.3
30.002  7.7
57.402  66.5
90.5    47.799
44.701  46.598
75.902  61.197
35  81.902
87.598  1.8
91.295  79.098
57.098  22.201
14.599  13.501
25.402  52.201
40.299  39.398
45.102  64.606
15.001  3.7
41.402  22.799
28.402  55.598
16.799  2
85.197  60.102
26.301  79.402
59.799  1.2
8.6 72.394
33.598  6.1
47.799  96.803
90.598  96.598
63.598  2.2
13.3    49.201
53.299  66.5
83.303  82.303
12.8    33.197
54.299  13.6
5.9 89.803
10.8    17.1
3.3 68.697
91.197  95.705
89.803  97.295
6.9 70.402
75.5    3.4
77.205  31.602
58.299  15.2
19.6    32
18.199  95.598
45.201  64.902
82.205  80.402
89.902  8.2
11.1    72.197
11  47.701
46.701  65.402
8.2 96.902
38.201  57.205
22.701  66.902
65.803  20.1
96.402  49.098
63.803  72.394
90.402  10.401
75.197  92.197
15.2    63.598
12.1    78.598
47.701  97.295
81.598  34.701
72.894  44.102
0.9 41.803
31.299  62.697
12.701  45.598
5.4 66.902
1.5 0.4
7.7 46.398
55.197  87.697
97.098  96.697
61.598  4.3
18  50.705
40  7.8
56.598  80.197
37.098  87.098
32.201  32.102
83.5    22.201
10.7    81.197
50.902  31.5
35.402  41.102
45.402  71.303
45.598  86.402
27.701  37.5
40.5    9.4
74.697  15.299
12.9    90
41.602  53.504
78.598  39.398
17.6    63.701
4.6 42
93.402  40.299
83.303  57.205
43.098  73.295
63.205  28.402
61.098  90.902
39.898  44.5
79.197  58.299
7.2 9
5.5 67.795
42.898  33.598
10.7    9.3
90.402  16.201
0.7 41.701
40.799  12.701
42.299  82.902
31.902  19.1
12.1    94.098
59.504  39.898
54.902  0.8
56.098  81.697
55.598  6.4
42.398  36.799
94.902  37.098
10.9    98.598
55  73.5
40.299  99
96  74.5
34.201  80
73.902  89.5
0.8 85.795
87.697  87.098
77.106  69.402
2.1 57.5
69.5    73
82.803  1.5
73.5    1
96.697  40.402
7.1 84.402
12.6    13.401
36.098  13.6
4   20.299
24.799  87.902
2.7 37.299
7.6 27.002
20.6    31.402
20.801  76.303
20.201  89.205
60.004  21.5
56.902  76
72.697  51.598
83.705  77.803
87.902  64
47.602  22.5
1.9 2.6
21.799  14.201
20.201  22.9
58.299  33.898
92.402  8.4
18.701  45.799
16.201  13.3
8   38.701
20.902  50.5
75.902  0.2
43.098  91.394
47.701  55.197
48.102  50.098
7.1 23.299
84.402  12.2
79.5    11.901
68.303  16.201
28.098  34.902
20.1    36.098
54.701  46.201
35.902  47.602
55.197  15.801
0.7 89.303
57.5    58.496
41  7.6
60.299  6.7
70.402  59.201
23.299  7.2
79  91.795
95.402  30.1
82.902  51.303
64.5    74.197
21.6    45.102
60.398  45.697
97.295  57.098
61  49.098
75.197  95.205
85.902  61.795
37.299  92.5
75.705  51.5
94.902  72.5
95  32.5
74.598  45.697
71  3.8
45.402  55.902
83.803  58
92.098  4.5
36.098  35
27.4    88.598
33  8.4
79.197  23.6
23  94.803
27.299  66.394
84.303  19.9
37  78.197
92.902  61.902
23.199  18.799
17.6    53.799
0.7 58.799
1.9 46.701
0.9 47.098
77.205  42.299
56.098  28.5
5.5 33.5
71.205  1.9
83.5    59.701
28  67.598
71  41.602
59.201  55.5
86.5    70.705
53.504  11.901
1.2 40
40.402  76
12.2    44.902
5.3 0.9
81.697  51.098
26.199  49.5
96.303  86.295
54.102  51.303
38.402  8.2
19.6    88.902
42.398  81.098
95  8.2
36.299  31.098
35  59.299
21.1    16.799
22  30.5
16.5    96.205
4.1 76.205
78.795  17.801
57.303  61.795
14.201  15.5
22.301  19.1
54.701  14.7
30.898  65.106
31.5    41.299
82  56
79.098  99.197
13  28.602
11.599  64.902
45.898  77.205
86.697  5.2
66.5    4.3
39.598  0.9
6.3 76.902
86.795  13.2
83.902  94.803
74  67.697
17  21.299
35.701  50.598
66.5    72
89.705  14.599
95.303  88.902
86.697  61.902
34  6.5
36.898  4.5
56.598  56.902
28  81.697
22.9    44.602
79.402  30.898
5.3 15.001
22  63.303
1.1 71.402
50.705  49.5
12  94
15.2    85.394
99.197  69.098
18.4    23.1
46.701  75.598
96.902  92.402
91.598  29.9
67.402  64.606
5.7 2.7
52.299  36.598
85.795  33.799
91.697  23
63.701  52.799
39.5    52
90.402  49.799
80.902  55.098
82.5    30.598
85.197  8.6
9.9 16.9
8.2 22.201
20.201  76
34.701  51.5
54.5    27.5
5.6 26.498
81.803  20.701
36.299  5.1
91.795  34.201
71.205  97.197
63.701  55.197
10.599  0.9
15.2    29.199
63.205  69.5
54.004  96.803
84.098  77.705
61  63.701
27.002  96.5
50.197  36.598
94.402  5.6
34.098  69
38.602  47.902
93.803  20
26.4    97.5
36.197  56.303
12.8    3.1
38.201  66.197
75.902  37.299
50.5    49.701
96.803  30.1
49.098  67.697
12.8    25.701
80.5    74.902
50.902  67.795
67.795  22.1
63.303  58.701
99.803  64.705
31.299  23.199
31.299  58
85.098  15.6
72.5    97.598
19.9    57.5
47.201  55.295
46.098  25.799
60.398  15.299
88.705  34.701
94  90.598
72  30.1
31.602  3.3
33.398  87.197
8.299   83.803
98  43.701
56.402  12.3
33.098  6.8
27.002  48.299
67.5    36.098
73.697  43
50  30.1
47.402  94.598
70.5    6.5
20.902  93.902
0.7 94.402
58.398  91.795
1.8 36.5
35.799  73
59.299  19.5
26.9    14.5
17.9    84.402
74.5    50.197
71.5    59.602
17.9    7.1
52  80.598
70.803  94.803
15.099  96.697
69.402  58.398
68.5    17.801
66.295  94.402
2.3 96.402
15.9    0.2
58.098  65.697
34  64.803
21.5    58.996
6   70.098
42.201  49.701
82.803  34.299
51  25.402
60.602  98.902
25.799  61.902
76.803  19.5
12.1    23.801
93.803  0.4
52  89.402
73.5    66.295
17.6    64.705
36.898  70.098
43.299  6.6
71.902  77
90.303  60.299
48  1.8
52.398  83.705
22  31
38.201  8.299
16  44.701
52.996  98.5
0.3 1.1
61.697  30.701
51.898  99.697
2.6 72.295
24.201  23.299
71.303  60.102
65.303  12
75.803  46.201
60.398  2.5
67.295  37.701
59.201  40.201
76.5    51.799
98.598  47.701
0.2 95.598
88.098  67.697
59.898  46.201
78.098  33.898
69.5    73.197
94.902  61.197
18  69.902
42.201  66.197
49.799  96.205
72.394  85.098
20.5    93.402
69.402  90.803
85.295  88.902
19.699  17.801
58.496  34.201
0.6 85.697
89  57.598
84.894  39.898
19.301  36.299
66.394  53.102
95.598  90.697
77.902  45.697
65.303  99.598
86.795  13.3
93.902  0.2
26.301  27.701
4.5 48.201
34  62.803
8.4 40.902
29.498  70.098
12  39.5
4.8 3.7
80.598  24.6
87.902  89.205
66.5    21.6
2.6 88.402
7.901   51.898
53.102  16.301
27.701  77.606
75.5    0.6
45.299  28.9
45.201  3.9
1.4 62.697
24.5    26.498
1.3 34.598
15.801  11.201
66.697  44.701
76.705  84.697
12.701  33.598
52.496  69.197
13.401  23
13.3    26.199
98.402  15.9
22.701  8.2
58.098  41.299
68.5    97.795
7.1 76
44.299  33.598
77.705  33.5
46.598  30.598
67.295  17.201
56.197  81.402
21.799  71.303
63.701  91.902
77.303  81.303
30.5    59.201
80.803  59.504
59.898  0.9
20.801  94.902
86  66.394
25.201  73.295
7.2 68.902
60.102  64.5
66.197  8.901
92.5    48.799
94.705  87.902
56.598  19.1
25.098  69.303
92.295  39.201
55.197  59.799
67  47.701
1.2 71.205
89.606  72.098
92.902  80.295
82.902  14.4
69.402  7.4
67.402  31.098
22.1    41.803
39.598  8.1
26.699  54.5
74.598  48.402
98.402  75.402
81.402  7.6
24  50.098
16.799  36.598
76.098  86.697
36.398  72.795
94.098  89.098
22.9    69.5
97.795  27.1
70.598  52.799
96.106  50.705
92.697  86.697
55.598  31.799
88.705  96.5
38.701  44.102
15.299  17.299
99.295  64
31.299  2.5
74.598  40.701
19.201  26.6
32.701  81.598
40.598  3
58.996  76.205
87.098  12.4
72.394  90.697
77.205  2.1
39.598  48.102
48.402  64.098
38.902  48.5
28.201  32.701
19  53.701
28.9    85
27.701  58.799
26.9    37.598
25.701  44.299
70  40.402
50.803  24.201
42.898  67.902
72.5    74.803
4.7 99.402
2.9 61.5
50.902  60.701
24.1    46.799
51.201  78.5
84.697  11.8
63.803  26.498
4.4 38.402
22.6    25.799
72.5    81.902
43.598  29.498
99.697  36
85.902  30.799
14.301  81.902
37.598  10.7
8.4 99.402
37.201  57.598
57.402  94.098
70.803  10.2
70.205  26.9
87.598  97.098
71.5    59.299
25  47.299
82.098  55.902
42.898  12.701
11.3    73.598
64.606  24.799
69.303  93.5
46.098  72.197
42.299  9.099
73.5    50.598
44.102  73.902
46.201  5.4
23.1    6.6
70.598  92.197
49.201  17.201
59.898  1.5
36.197  92.697
3   48.102
89.606  12.5
59.299  40
56.902  7.3
50.5    6.6
27.5    27.1
99.402  37.402
42.898  54.598
77  20.4
0.4 94.402
79  36.299
15.2    12
91.697  31.5
82.705  2.4
63.303  48.5
34.598  77.606
43.5    88
84.598  47.5
3.8 46.902
87.697  4.6
93.5    18.098
47.701  42.5
64.303  90.5
59.299  77.5
59.398  36.098
2.3 36.098
82.598  35.299
68  33.5
76.705  59.398
89  39.299
62.598  16.5
73.902  97.098
92.795  86.197
5.5 48.799
31.602  94.197
63.598  44
16.699  32
46.799  1.3
75.098  93.697
23.4    31.402
9.4 20.201
48.102  99.697
66.902  39.098
74.5    35.102
52.799  43.701
37.098  17.701
38.701  28.799
80.697  21.699
82.098  98.598
10.7    30.1
37.201  87.5
33.5    21.5
74.598  58.098
68.803  67.402
35.902  7.901
2.6 80.402
23.801  31.701
79.295  18.9
10.8    99
62.5    21.5
78.197  35.799
46  52.496
41.902  53.201
16.4    62.5
73.902  34.201
9   37.701
84.5    54.004
58.299  27.4
75.902  12.3
31.201  30.4
20.1    85.197
75.902  82.902
53.898  36.398
72  45.598
40.098  18
25.701  61.5
35.5    93.098
31.799  8
15.4    56.303
77.902  94.803
8   15.299
82.803  90.106
30.4    19.301
87.303  85.795
83.803  70.598
2.2 36.098
63.902  29.4
34.598  7.6
5.2 82.902
91.795  18.299
42.697  67.402
16.1    88
45.5    56.598
60.902  80.803
95.303  49.098
74  34.5
79.098  93.902
88  61.697
24.299  77.106
52  38.201
69.5    69
46.398  1.8
49.701  12.701
81.902  64.205
37.701  57
85.098  47.299
76.205  63.205
51.201  74.598
52.799  80.5
50  93.303
33.5    64.606
25.5    61.697
42.898  35.701
31.098  52.398
8.901   42.398
25.9    67.098
58.701  96.303
79.098  55
29.301  74.902
56.197  56.598
73.098  96.902
18.199  22.301
21.5    96.697
53.602  12.4
87.197  72.197
12.9    16.799
28.402  80.197
42  97.197
56.402  58.898
92.098  64.705
19.1    28.9
64.098  65.303
54.5    8.6
89.098  64.303
70.902  31.402
84.598  22.5
80.098  54.799
61.598  81.598
44.902  3.7
64.705  3.1
55.902  75.598
90.205  55.295
71.303  95.303
91.394  2.5
53.898  18.799
78.197  80.098
59.898  95.098
87.5    96.697
45  37.701
92.402  38.5
58.398  95.598
52.898  93.803
89.098  65.803
29  73.295
59.201  88.402
84.598  89
73.902  17.801
42.799  84.697
15.701  84.197
7.5 26.498
8.2 53.799
39.701  29.1
75.197  44
75.303  35.701
72.394  52.496
1.7 28.098
99.098  18.9
12.1    13
8.2 71.5
37.799  40.598
70.098  52.996
48.5    30.199
11  9.4
35.5    13.9
38.402  58.799
28.5    58.701
16.201  62.402
31.201  98
32.201  0.6
49.098  74.5
33.701  81.902
26.801  93
62.5    58
25.5    16.9
76.402  73.5
2.4 59.398
75.902  21.699
57.205  73.795
91.098  43.902
29.9    0.4
85.902  36.898
88.902  29.6
82.598  49.201
80.5    22.1
37.402  88
58.496  15.2
80.098  60.902
81.098  42.201
64.606  84.098
61.098  29.4
87.598  79.795
87.803  1
44.602  63.098
69.803  7.901
46.299  98.098
61.197  27.5
90  50.402
51  33.5
66.598  2.4
89.303  92.598
66.598  97.295
72.197  31.701
47.402  8.1
75.098  86.598
14.301  43.598
59.602  92.098
43.098  12
32.201  99.697
83.5    44.602
57.701  84.5
86.098  8.8
14.901  88
59.799  29.699
96.598  5.7
58.701  69.803
56  26.199
12.1    18.299
94.303  30.898
95.803  1.7
92.697  40
36.197  50.902
13.2    80.402
99.098  44.5
47.701  54.799
46.098  78.098
3.9 96.303
51.303  96
50.303  93
66.197  50
11.901  68.598
57.205  82.803
6.1 65.303
35.201  8.5
87.197  14.7
46.902  80.295
68.5    72
25  42
56.098  17.299
65.902  88.5
96.803  28.701
2   43.598
57.303  0.2
13.9    63
77  86.5
73.402  84.894
25.799  38.902
84.5    32.5
15.801  8.5
67.295  77.5
78.894  71.697
99.697  35
10.3    24.201
90.803  28.098
34.799  59.602
8.299   38.402
92  78.894
90.5    96.303
48.201  93.697
77.205  72.795
1.4 15.001
14.901  52.898
2.3 43.902
1.5 16.4
80.902  2.7
78.697  72.5
55.803  31.5
8   47.299
76.705  17.201
67.402  34.799
77.303  58.602
76  71.803
66.394  95.803
43.398  36.197
19.201  15.299
98.697  18.299
80.197  50.5
93.902  70.598
63.803  28.299
16.1    92.295
1.5 51.402
9.5 46.299
93  64.606
33.299  5.4
99.5    51.303
73.902  63
30.799  75.803
96.106  49.598
56.598  65.106
32.201  84.894
78.098  13.7
90.402  5.9
97.598  67.295
52.898  69.303
75.098  24.1
74.697  24.1
20.801  29.6
69.197  89.303
77.803  5.4
68.5    3.6
7.5 51.898
52.701  11.7
24  90.5
50.303  69.197
96.402  82
51  8.8
14.7    9
72.394  48.5
80.598  65.5
80.598  9
5.7 81.098
47.701  12.6
62.697  22.1
83.402  67.098
9.5 75.402
30.301  96.303
56.902  47.098
39.098  94.598
97.795  45.898
51.201  81.197
92.795  90.402
10.401  72.697
60.799  54.799
19  65.106
37.299  54.598
81.902  41
44.5    12.701
90.402  65
48.201  9
70.5    66.902
45.402  90.697
73.902  21.1
53.898  67.197
7.4 77.402
81.803  49.098
19.799  49.398
26.699  36.799
36.701  32.602
6.8 99
82.205  88.705
18.9    85.902
31  14.7
85.098  73.295
35.5    48.5
17.9    3.1
95.402  97.5
32.201  31.201
32.102  52.398
48.299  21.799
78.402  93.5
40.799  1.8
54.5    67.598
82.803  69.902
79.5    96.5
78.5    53.602
75.705  4.8
80.598  97
41.701  24.699
63.5    27.799
0.7 13.501
93.5    65.902
8.4 35.799
81.803  64.205
15.4    94.197
47.098  69.5
89  98.295
51.598  39.098
61.5    42.799
89.303  17.801
74.098  40.5
66.902  17.9
37  12.5
74.295  74.197
73.902  40.5
74.098  12.2
27.5    16.799
16.598  38.299
13.501  80
10.9    97.697
18.9    33.701
24  24.5
45.5    45.299
3   90.697
48.201  12
78  57.303
78.795  62
21.799  8.7
65.303  17.6
25.701  29.6
80.5    69.197
23.199  72.795
42.299  52.102
79.197  63.402
46.799  3.8
2   3.6
15.5    95
33.299  50
47.098  79.197
95.705  96.5
6.5 71.902
77.803  97.894
44.803  80.402
81.402  6.7
83.902  8.8
10.8    7.901
7   47
6.1 73.697
25.9    19.201
23.701  33.299
44.201  95.303
49.5    25.098
85.795  85.098
72.795  65.303
85.902  97
65.803  91
59.701  2.5
91.098  44.402
62.598  82.705
19.402  56.803
0.7 58.098
56  72.394
91.795  54.598
53.201  89.205
67.197  78.197
89.205  72.697
80.902  71.205
83  85.5
11.599  40.902
43.902  38.402
93  63.402
61.299  72.598
31.701  90.205
70.705  34.598
45.697  8.299
21.299  44.602
54.902  97.5
84.5    72.598
89.402  64
53.299  88.205
55.697  72.394
65.402  32.102
55.402  62.598
44.102  79.197
36.098  12.9
68.303  93.197
76.402  11.201
95.803  50
54.5    35
19.799  8.2
46.902  87.5
61.697  73.197
86.5    19
69.902  7
0.5 99.197
14.4    3.4
89  28
69.098  10.7
28.402  76.098
86.295  87.697
26.301  57.701
71.598  25.701
76.098  2
64.5    3.3
68.098  43.299
61.5    77.5
88.705  49
50  79.402
20.4    67.402
36.098  99.5
65.106  52.201
26.1    8.5
19.201  31.602
83.5    40.402
7.1 86
52.102  87.098
88  15.5
99.402  41.701
9   11.8
51.303  99.598
90.205  27.902
23.1    87.098
86.197  66.598
7.901   17.701
35.701  54.701
27.201  30.199
69.598  13.401
89.902  10.7
83  99
26.199  2
38  41.803
65.5    87
74  86.197
24.5    18.5
7.8 38.201
52.299  93.402
92.697  61.598
5.4 84.197
93.803  35.402
15.4    60.102
42.898  92.098
91.197  51.098
16.5    64.402
19.5    65.106
64.402  83.205
4.3 2.1
13.799  61.299
69.705  14.5
98.5    76.098
16.4    13.2
67.795  30.799
98.697  33.398
55.697  77.205
29.199  88.098
42.799  72.197
94.902  42.5
52.996  58
49.701  46.902
77.705  38.803
40.5    37.299
62.697  73.697
82.705  56.402
96.902  6.8
35.902  37.598
53.701  51.799
72  84.795
84  53.602
87.303  78.894
13.401  90.697
19.301  27.5
73  38.602
4   34.598
39  83.606
21.1    51.303
41.299  38.201
67.295  33.799
24.1    36.098
92.598  99.598
35.299  15.9
77.606  11.599
85.902  62.803
8.1 41.299
91.098  92.295
96.5    6.7
54.902  24.6
97.197  49.799
47.799  94.598
81.803  30.799
51.303  60.201
97.295  53.799
87.902  85.902
72.598  25
3.3 49.598
69.197  75.5
53.898  71
43.701  86.098
49.598  18.701
45.5    0.4
92.795  61.098
70.205  34.299
53.504  61.098
35.102  65.106
69.598  68.197
10  82.205
71.402  38.803
74.402  92.902
44.902  26.498
41.402  98.902
39.201  76.5
98.098  0.1
39.799  22.6
71.902  21
53.504  35.5
25  74.902
9.3 58.496
87.803  43.299
7   66
78.402  25.701
40.701  85.795
82.205  34.402
35.299  77.205
68.402  86.098
78.697  72.894
23.9    53.701
95.205  62.598
61.598  45.5
73.098  19.301
57.902  94
37.598  66
37.701  10.3
6.9 65.402
63.5    25.799
97.697  41.5
69.598  69.705
72.295  18.6
73.598  43.5
33.398  69.598
45.697  99.902
25.098  90
52.201  82.5
19.201  36.701
39.098  86.098
56.803  31.602
10  69.803
73.098  15.801
78.894  24.299
91.197  76.803
77.402  45
39.201  43
55  31
98.795  36.299
25  13.501
17.801  40.201
23.1    10.3
36.299  33.598
23.9    88.303
13.7    10.599
13.6    68.197
56.697  28.299
1.7 54.102
32.102  4.1
33.398  67.197
14.301  86.5
91  28
45.898  39.098
78  75.803
24.299  76.303
65.902  28.299
87.5    49.598
14.1    88.402
87.5    81.5
71.697  68.697
35.299  79.598
65.205  47.799
31.201  15.9
88.098  70.098
71.303  33.299
20.4    38.299
67.295  32.799
8.5 35.701
17.1    5.2
55.197  19.301
91.902  97.894
30.799  66.394
26.801  65.205
6.1 61.402
39.299  86.402
87  8.7
95.402  75.705
47.402  29.9
38.5    83
90.106  51.303
78.795  89
25.5    15.9
11  75.598
15.299  76.902
29.6    22.799
77.106  56
37.598  35.602
96.5    23.701
50.598  90.902
66.902  82.205
52.701  15.4
80  33.598
66.795  60.5
41.201  21.5
46  79.402
63.701  25.701
43.201  63.303
38.201  4.1
75.803  96.697
62.697  70.705
44.803  63.902
38.102  5.9
43.902  14.8
75  83.5
51.898  83.5
31  82.803
27.598  87.902
42.799  56.5
69.402  32.5
24  32.201
20.902  60.102
0.1 31.799
15.099  8
21.9    9.3
85  76
37.098  0.3
25.299  99.697
99  68.098
9.099   82.902
90.303  16.1
8.2 67
36.701  97.598
56.902  91
79.402  7.5
8   96.303
70.402  97.295
92.598  41.299
79.295  2.4
45.697  35.299
59.602  17
0.9 7.901
60.102  43.398
41.402  45.402
78.197  67.5
47.602  8.6
78.303  9.6
98  87.803
42.598  9.6
26.1    10.3
5.8 58.098
95.402  40.098
35.299  84.697
90.902  44.5
93.197  3.8
17.201  63.402
38.602  38.402
32.402  15.6
65.303  88
18  38.602
60.398  84.795
20.299  35.799
33.598  92.795
7.6 13.099
10.9    35.102
67.197  99.402
49.902  43.299
45.299  11.7
40.598  57.701
54.201  5.6
69.098  50.5
20.201  70.902
19.699  40.902
57.799  13.501
28.602  62.803
34.098  60.902
11.3    72.894
80.697  99.902
16  58.398
77.803  9.3
77.705  61.902
51.402  10.3
51.898  8.7
2.4 19.301
65.402  89.098
97.5    12.8
23  13.7
22.701  96
60.398  86.598
17.9    37.598
54.201  37.5
54.004  46.701
16.5    40.5
98.402  57.598
97.598  63.303
80.598  79.598
22.201  34
42.799  63
63.598  71.205
19.5    77.205
32  46.799
75.402  68.402
29.301  35.701
46.902  30.1
45.697  71
76.705  22.301
88.303  45.598
65.402  90.402
88.803  22.1
58.996  64.098
8.7 5
19.301  87.197
81.197  44.402
51.701  6.3
49.098  34.799
27.002  82.902
36.598  31.701
81.402  50
51.201  69.303
77  54.701
57  91.5
37.5    70
12.5    38.402
18.098  92.795
61  31.299
48.201  42.598
45.5    45.201
74.598  1.8
34.701  95.205
4.6 49.902
7.6 67.402
63.402  17.4
55.803  70.098
9.2 56.803
40.598  61.795
20.902  81
49.598  71.303
49.799  58.398
20.6    77.5
62.402  91.598
69.803  7.2
37.098  14.7
85.394  9.4
12.1    52.799
89.803  30.598
43.701  32
73.402  77.902
21.4    75
32.902  90.902
14.7    32.799
31.299  17.201
94.705  80.197
82.705  36.098
79.295  56.098
18.098  42
33.5    7.4
72.197  91.5
20.201  23.6
71.803  17.701
98.295  53.102
27.4    57.799
58.098  82.303
23.5    39
48.299  26.1
15.001  71.697
77.106  43.598
99.098  41
45.5    83.5
58.602  90.697
7.4 30.4
68.902  75.098
44.299  67.598
28.799  4.9
54.201  57.303
36.5    46.799
84.303  75.598
25.098  2.4
29.1    5.7
92.902  41.201
22.402  31.5
23.1    99.598
38  22.799
1.7 42.098
74.902  51.701
7.1 11.8
39.098  47
79.5    61
61.902  59.201
43.598  93.902
95.902  25.402
16.301  21.699
98.902  22.5
41.299  99.5
77.705  51.598
75.303  62.098
30.1    81.598
51.402  57
85.5    56.098
62.197  77.205
15.701  82.402
8   85.902
41.602  16.1
14.7    47.402
38.299  29.6
1.6 7.2
64.5    82.402
90.598  54.102
2.2 33.197
24  79.5
71  37.799
6.7 43.201
58.602  50
91.197  59.299
23.5    43.299
62.402  13.6
55.197  79.598
15.001  48.102
5.1 39.5
74.5    46.598
26.4    32.201
7.5 72.894
48.898  4.1
73.598  66.598
8.5 30.002
78.697  82.5
69  56.902
58.201  43.701
3.2 47.098
14.5    47
2.4 13.3
49.299  59.299
11.7    60.902
1.7 59.299
82.598  70.705
24.4    11.1
86.902  80.803
39.598  67.697
7.4 88.303
91.902  29.6
40.201  18.5
31.201  20.5
47.701  46.701
59.602  10.1
90.205  89.803
59.701  10
35.102  32.602
28.602  39.799
58.098  19.9
22.5    36.197
50  8
65.402  34.799
35  95.303
3.6 24.6
14.4    30.799
6.9 70.205
74.197  64.205
34.098  61.402
76  12.701
29.1    6.4
0.5 77.902
69.098  93.598
34.299  96.205
17.9    91.098
75.098  63.902
74.902  44.5
22.6    94.803
56.5    75.098
17.1    55.697
1.9 24.9
37.201  95.803
69.098  33.299
64.803  39.299
83.5    45.299
45.898  12.5
50.803  60.5
45.898  48.299
58.898  22.9
98.402  90.697
0.4 66.902
21.1    83.098
37.402  5.8
85.098  72.598
99.402  30.4
10.9    2
64.098  83.205
12.5    91.902
64  58.098
28  98.902
32.902  21.699
34.799  71.697
36.701  64.5
16.201  90.697
18.5    94.5
25.9    24
40.902  84.795
62.5    51.201
54.902  90.402
15.099  74.197
77.303  9.6
48.402  57.402
39.799  9.099
69.902  3.3
89.402  94.098
3.8 58.201
2.5 35.5
20.5    83.803
71.598  97.598
62.598  84.894
11.201  61.197
0.7 2.4
92.902  3.1
20.201  25.098
52.799  24.799
83.098  84.402
15.701  92.697
15.801  74.697
28.9    44.902
55.098  81.902
54.701  78.098
93.902  69.197
92.902  41
66.098  17.801
91.394  10
83.303  63.902
27.4    78.303
6.8 77.303
22.1    21.1
92.5    67.902
53.504  84.098
28.9    56
45.201  70
7.7 20.299
35.5    58.701
83.205  1.2
81.598  18.199
23.801  59.898
48.201  64.705
58.098  40.902
74.598  62.803
15.299  97.098
0.6 3.4
67.5    44.602
6.1 48.402
39.398  56.303
53.201  22.799
32  63.402
38.402  49.598
72.795  43.799
83.606  20.902
62.197  10.2
3.7 9.6
4   48.697
93.197  35.402
98.697  57.701
11.7    57.402
96.205  37.5
45.402  66
98.598  98.697
57.701  12.1
21.699  96.902
98.098  97.598
94.5    25.799
26.6    26.699
37.5    24.4
17.201  4.2
92.902  95.205
13  34.598
99.197  83.705
19.1    61
60.201  78.697
51.303  59.504
94.598  44.201
72.795  82.205
9.2 2
55.295  80.197
54.701  56
31.5    67.795
4.6 60.799
29.801  13.9
89.902  78.098
14.7    7
69  48.201
43.902  93.303
5.4 49.5
97.894  52
7.1 51.898
7.8 75.402
10.7    90
90.902  63.098
31  68.902
82  61.598
15.2    59.898
23.801  18.098
27.002  7.6
3.1 11.5
18.701  4.2
20.801  83.803
76.803  98.795
89.098  26.498
96.205  37.402
98.295  97.894
43.598  54.102
54.201  29.199
75.598  23.701
34.902  76
5   51.402
40.402  98.697
3.8 88
19  12.6
12.1    96.697
13.9    60.102
67.197  8.1
7.6 37.799
72.394  5.4
76.705  38.803
30.1    21.9
62.803  60.398
96.803  53.398
28.701  78.402
75  61.299
13.6    36.898
71.902  30.301
37.5    81.803
6.3 86.598
34.701  40.902
56.803  10.3
18  18.199
63.205  9.2
43.902  51.303
27.701  40.799
23.5    45.697
43  60.398
84.197  57
33.098  39.201
74.598  75.098
72  71.598
9.3 94.5
88.598  54.402
99.803  11.8
85.795  54.902
85.197  25.299
27.4    22.201
6.7 54.5
89.303  56.098
25.701  9.2
7.5 76.303
35.102  33.398
25.299  24.299
52.102  7.8
65.402  22.9
54.402  35.201
91.394  83.402
78.098  69.598
4.5 17.299
35.201  53.398
36.799  52.102
65.902  6.7
29.498  81
29.6    78.697
28.602  81
22.6    98.598
23  58.098
75.5    52.398
29.1    60.602
60.102  58.398
68.803  13.9
88.598  15.6
58.799  8.7
3.2 39.098
62.197  34.299
87.098  89.098
84.697  20.701
38.201  35.402
61.598  80.5
1.9 94.705
2.8 75.705
77.803  32.402
71.106  23.9
43.799  86.598
76.705  7.1
21.699  10.3
18.5    90
10.3    83.5
7.901   42.697
87.803  5.4
96.902  18.799
40.902  65.303
63.303  62.902
67.795  10.7
45.201  58.898
27.5    40.201
57.402  15.6
8   2.6
25.299  56.197
81.697  44.902
5.7 54.102
1.1 60.299
52.201  73.5
87.303  77.205
49.799  94.197
62.303  73.197
13.2    29.301
40.701  92.295
53.398  87.598
70.598  34.098
64.303  76.402
92.197  70.303
69.197  12.6
80.5    26.699
98.402  66
89.205  16
77.705  5.6
35.701  91.795
53.799  15.5
53.398  45.598
80.5    71.303
30.701  49.799
32.102  69.098
65.697  44.5
27.701  63.598
6   63.303
72.598  14.5
70.205  81.098
99.902  54.701
59.299  78.303
42.5    25.5
1.5 36.799
39.201  95.098
90.402  59.701
46.5    28.201
23.6    78.197
96.902  25.799
70.5    21.6
67.197  39.701
83.902  37.201
52.602  43
13.799  27.902
70  76.402
24.799  32.602
11.8    97.098
12.4    80
9.5 12.1
42.598  0.8
14.1    70
50  45.102
76.705  75.5
55.598  5.5
80.5    9
9.8 46.902
1.5 10.599
52.102  80
9.701   37.598
54.102  13.401
18.9    33.299
0.8 48.697
75.303  47.799
27.701  79.5
13.799  18
48.402  49.701
57.701  53.398
26.4    61.402
30.1    43
88.5    21.799
37  62.598
50.197  93.697
11.201  50
8.6 62.402
81.5    66
14.1    7.901
28.098  8.4
62.098  17.4
38.402  74.803
43.799  34.701
39.5    33.5
90.303  35.5
56.303  58.898
28.5    94.197
85  61.098
50.5    85.598
87  34.402
90.106  2.1
88.205  47.402
34.299  98.902
81.5    6.4
77.803  24.9
99.295  39.299
0.9 21.299
10.8    6.1
72.5    98.197
16.9    47.402
28.098  74.098
50.705  83.402
92.402  62
66.295  5
58.201  72.894
98.697  79
31.902  68.098
94.197  37.098
91.598  37.5
77.705  20.6
2.7 3.7
26.801  15.6
28.201  29.699
26  76.098
53.102  78.795
62  16.4
57.098  22.402
36.098  99.5
27.5    55.197
61.098  71.5
86.902  46.799
48  87.5
97.894  36.398
60.299  75.303
31.701  66.902
69.303  53.299
73.795  16.201
44.299  18.098
13.7    22.9
25.701  56
44.803  34.201
90.803  19.1
7.6 54.701
69.402  0.9
63.402  43.299
79.795  55.803
23.801  11.3
65.402  34.201
37.799  54.299
56.902  62.697
94.598  93.5
63.598  32.402
72.5    83.303
85.295  26
62.197  28.701
5.7 46.701
57.205  31.602
35.402  55.402
75.803  32.701
54.5    26.801
33.898  51.898
25.6    21.1
21.699  11.4
42.799  23.299
98  1.7
24.1    98.5
1.8 11
68.598  22.9
30.898  28.098
45.799  40.098
44.102  31.902
70.205  8.8
3.8 56.5
66.902  70.098
15.9    81.902
80.295  60.5
46  78.795
64.205  29.1
15.001  55.598
19.402  49.098
52.102  30.701
71.303  49.902
94.303  30.598
76.902  42.299
31.402  76.303
68.197  82.902
11.3    65.402
77.606  40
64.705  4.1
56.598  83.205
48.102  45.598
89.803  14.599
80.697  0.6
84.303  62.803
3.6 40.201
42.5    82
93.697  95.705
24.4    59.299
40.701  97
35.902  98.598
76.402  55.902
34.201  44.602
35.102  95.598
40.598  67.598
23.9    41.803
61.197  6
97  54.102
34.402  8.5
92.197  96.5
67.5    20
46  32.201
43.902  82.803
43.5    7
1.5 37.201
29.1    3.1
93.5    52.602
49  97.197
71.697  14.201
91.598  6.4
26.301  78.598
15.801  92.5
83.902  24.699
6.6 78.795
66.098  98
31.701  25
11.5    80.5
89.402  55.598
79.902  41.902
96.106  23.801
90.803  92.197
5.8 52
36.197  1.9
98.902  9.9
1.5 1.9
45.299  69.098
87  43.598
18  28.5
74.295  17
2.7 31.402
98.295  22.5
31.402  70
6.6 62.098
93  82.5
91  9.701
96.106  7.8
73  24.4
52.602  11
74.197  50.5
79.697  29.1
60.5    63.098
50.098  49.201
75.197  16.1
65.598  54.402
67.697  35.701
99.5    88.098
68.803  27.4
66.394  18
36  3.8
51.201  41.701
49.398  43
62  53.398
44.902  85.902
39.701  88.098
26.199  39.299
95.402  15.701
78.197  97.598
41.102  22.799
28.701  86.402
60.398  23.801
22.402  78.5
0.4 88.902
23.1    95.303
39  81
29.4    97
23.9    9.9
51  12.3
32.201  73.295
73  73.295
26.4    8.8
18.299  15.299
46.799  86.402
53.799  57.598
72.598  83.402
9.099   74.697
7.8 16
89.606  64.402
90  14.5
14.901  38.102
25.299  26.9
32.303  70.402
76  97.5
7   40.598
2.6 90
39.598  74.803
53.504  85.902
1.1 9
8.2 83.705
79.295  32.602
80.697  11.901
16.201  60.902
10.3    89.402
36.598  80.803
95.598  63.402
75.303  81.402
51.701  49.398
29.498  58.299
14.8    32.701
99.098  64.803
35.701  51.402
50.303  7
27.4    96.303
86.5    10.9
4.6 52.398
39.598  64.205
36.598  83.5
51  85
97.5    58.299
23.299  43.598
25.9    67.598
66.697  3.6
87.803  44.402
29.1    32.902
5.6 7.3
47.201  51.402
21.199  31.201
73.197  1.3
89.705  34.402
64.098  17.6
34.201  62.803
12.3    38.803
30.701  83.705
45.402  16.598
18.9    32.402
79.295  29.498
78.697  53.398
6   73.5
37.5    10.401
31.701  41.299
56.697  54.102
48.898  26.6
98.902  5.4
69  64
93.902  4.9
54.799  62.902
45.898  64.606
67.598  87.598
4.6 39
85.902  38.902
51.5    77.205
27.1    44.299
40.201  11.201
17.801  12.701
71.402  71.402
0.8 52.299
4   93.197
79.5    0.2
82.402  29.1
98.5    69.402
82.5    83.902
10.5    9.8
38.902  86.5
68.902  40.201
95.803  93.303
43.5    64.705
45.5    14.4
5   61.5
55.295  72.295
81.598  2.8
10.1    30.5
99.295  79.5
2.6 38.902
98.902  18.5
82.303  60.004
31.299  67.295
79.5    57.799
60.799  35.299
32.303  6.2
72.098  94.197
0.4 1.1
36.898  20.4
1.8 60.701
97.795  53.102
34.402  78.303
30.701  85.394
1.7 93.303
29.801  81.303
89.402  16.201
21.5    80.598
12.8    4.4
60.299  75.197
74.5    76.902
43.398  45.598
95.803  3.6
2.8 22.402
72.795  11.1
99.402  8.4
41.201  65.803
6.3 82.205
92.697  41.902
53.299  85.295
14.1    44.701
10.599  91.394
66.795  44
16.201  76.303
8.5 1.6
71.106  32.303
45.898  9.2
50.098  7.3
3.1 91.598
2.7 65.598
9.8 82.598
65.598  21.6
88.402  28.098
47.402  64.205
41.402  86.402
22.1    33.799
19.5    41.5
83.303  57.598
72.394  75.303
6.1 71.106
77.205  62.697
65.106  22.6
76.803  63.598
58  69.902
70.803  78.098
82.902  9.4
66.598  92.295
47.402  58.996
42  25.098
7.4 5.4
19.6    75.705
10.7    75.5
86.5    73.197
28.799  33.598
78.894  57.303
99.197  21
31  55
90.5    5.3
93  59.299
14  43
43  27.299
70.705  14.7
10.3    57.902
41.602  26.301
20.201  13.7
19.201  10.7
85.795  14.7
77.606  84.894
57.701  1.5
97.394  33.898
24.9    1.1
4.3 88.402
78.598  48
57.598  30.799
31.902  9.8
57.5    65.803
37.201  5.3
62.697  86.902
20.299  84.197
99.5    66
45.5    22.6
77.902  83.098
3.2 72.197
58.701  19.699
48.898  97.5
55.5    78.303
30.199  58.799
61.5    65.303
25.799  60.201
0   24.699
89.606  16
74.803  67.902
44.803  81.098
48.697  99.697
10.8    16.699
26.6    3.5
37.098  90.303
25.098  17.1
77.402  80.902
21.199  97.295
80.197  27.701
16  47.701
3.7 46.398
95.5    57.303
5.2 66
44.201  3.9
74  42.598
37.201  54.902
7.2 72.295
11.1    25.201
38.701  41.902
36.5    94.197
87.803  73.5
95.205  5.5
49.201  91.295
10  18.701
37.902  14.5
30.799  5.4
19.799  67
55.197  53.201
23.299  42.098
78.894  13.799
82.098  48.898
70.098  46
16.5    6
48.102  33.701
65.5    33.299
20.5    6.8
94.303  15.5
61.902  39.598
40.902  17.701
31.402  44.602
89.402  5.8
98.295  52.102
34.402  18.199
50.902  48.201
60.102  37.402
16.201  37.701
45.697  27.701
53.799  43.598
84.697  27.902
81.5    63.5
41.803  58.996
0.9 16.4
96.803  31.5
98.697  78.402
71  61.795
92.598  42.098
21.699  5.7
56.197  86.902
15.701  8.2
93.803  20.701
46  33.398
60.701  10.9
85.697  42.898
22.402  56.598
50.902  93.197
18.5    98
6.6 97.394
31.299  58.398
85.5    39
64.803  26.1
62.697  65.902
8.901   38.602
26.1    90.106
88.402  30.799
97.098  39.098
3.1 86
8.1 91
33.398  13.2
58.098  92.098
72.098  76.803
28.098  82.598
66.098  95.5
11.3    44.402
19.699  74.295
54.902  34.799
42.697  61.697
51.201  90.106
72.894  44.402
90.598  67.902
94.902  2.9
70.705  0.7
52.496  65.5
1   89.303
47.902  16
54.102  67.402
46  86.697
56.098  25.701
94.098  59.201
88.5    60.004
82.205  88.902
42.598  18.199
53.898  9.4
37.299  81.5
85.697  53.102
23.199  19.799
45.402  90.402
17.299  69.803
69.902  64.098
75.705  70.803
87.197  95.902
53.701  48
48.898  91.197
18.199  8.2
95.205  37
13.401  68.303
35.5    63.803
36.5    14
